---------------- Starting Your Algo --------------------
Turn: 1
support: 0
Turn: 2
support: 0
Turn: 3
support: 0
Turn: 4
support: 0
Turn: 5
support: 0
Turn: 6
support: 0
Turn: 7
support: 0
Turn: 8
support: 0













walls{'LEFT': [[0, 13], [3, 13], [1, 12], [3, 10]], 'MID': [[8, 8], [9, 8], [10, 8], [11, 8], [12, 8], [13, 8], [14, 8], [15, 8], [16, 8], [17, 8], [18, 8], [19, 8]], 'RIGHT': [[23, 12], [22, 11], [21, 10], [20, 9], [24, 13], [25, 13], [26, 13], [27, 13]]}
walls[[8, 9], [7, 10], [6, 11], [5, 12], [0, 13], [3, 13], [1, 12], [3, 10], [8, 8], [9, 8], [10, 8], [11, 8], [12, 8], [13, 8], [14, 8], [15, 8], [16, 8], [17, 8], [18, 8], [19, 8], [23, 12], [22, 11], [21, 10], [20, 9], [24, 13], [25, 13], [26, 13], [27, 13], [0, 13], [3, 13], [1, 12], [3, 10], [8, 8], [9, 8], [10, 8], [11, 8], [12, 8], [13, 8], [14, 8], [15, 8], [16, 8], [17, 8], [18, 8], [19, 8], [23, 12], [22, 11], [21, 10], [20, 9], [24, 13], [25, 13], [26, 13], [27, 13], [0, 13], [3, 13], [1, 12], [3, 10], [8, 8], [9, 8], [10, 8], [11, 8], [12, 8], [13, 8], [14, 8], [15, 8], [16, 8], [17, 8], [18, 8], [19, 8], [23, 12], [22, 11], [21, 10], [20, 9], [24, 13], [25, 13], [26, 13], [27, 13], [0, 13], [3, 13], [1, 12], [3, 10], [8, 8], [9, 8], [10, 8], [11, 8], [12, 8], [13, 8], [14, 8], [15, 8], [16, 8], [17, 8], [18, 8], [19, 8], [23, 12], [22, 11], [21, 10], [20, 9], [24, 13], [25, 13], [26, 13], [27, 13], [0, 13], [3, 13], [1, 12], [3, 10], [8, 8], [9, 8], [10, 8], [11, 8], [12, 8], [13, 8], [14, 8], [15, 8], [16, 8], [17, 8], [18, 8], [19, 8], [23, 12], [22, 11], [21, 10], [20, 9], [24, 13], [25, 13], [26, 13], [27, 13], [0, 13], [3, 13], [1, 12], [3, 10], [8, 8], [9, 8], [10, 8], [11, 8], [12, 8], [13, 8], [14, 8], [15, 8], [16, 8], [17, 8], [18, 8], [19, 8], [23, 12], [22, 11], [21, 10], [20, 9], [24, 13], [25, 13], [26, 13], [27, 13], [0, 13], [3, 13], [1, 12], [3, 10], [8, 8], [9, 8], [10, 8], [11, 8], [12, 8], [13, 8], [14, 8], [15, 8], [16, 8], [17, 8], [18, 8], [19, 8], [23, 12], [22, 11], [21, 10], [20, 9], [24, 13], [25, 13], [26, 13], [27, 13], [0, 13], [3, 13], [1, 12], [3, 10], [8, 8], [9, 8], [10, 8], [11, 8], [12, 8], [13, 8], [14, 8], [15, 8], [16, 8], [17, 8], [18, 8], [19, 8], [23, 12], [22, 11], [21, 10], [20, 9], [24, 13], [25, 13], [26, 13], [27, 13]]
Turn: 9
support: 0













walls{'LEFT': [[0, 13], [3, 13], [1, 12], [3, 10]], 'MID': [[8, 8], [9, 8], [10, 8], [11, 8], [12, 8], [13, 8], [14, 8], [15, 8], [16, 8], [17, 8], [18, 8], [19, 8]], 'RIGHT': [[23, 12], [22, 11], [24, 13], [27, 13], [24, 10], [26, 12]]}
walls[[8, 9], [7, 10], [6, 11], [5, 12], [0, 13], [3, 13], [1, 12], [3, 10], [8, 8], [9, 8], [10, 8], [11, 8], [12, 8], [13, 8], [14, 8], [15, 8], [16, 8], [17, 8], [18, 8], [19, 8], [23, 12], [22, 11], [24, 13], [27, 13], [0, 13], [3, 13], [1, 12], [3, 10], [8, 8], [9, 8], [10, 8], [11, 8], [12, 8], [13, 8], [14, 8], [15, 8], [16, 8], [17, 8], [18, 8], [19, 8], [23, 12], [22, 11], [21, 10], [20, 9], [24, 13], [25, 13], [26, 13], [27, 13], [0, 13], [3, 13], [1, 12], [3, 10], [8, 8], [9, 8], [10, 8], [11, 8], [12, 8], [13, 8], [14, 8], [15, 8], [16, 8], [17, 8], [18, 8], [19, 8], [23, 12], [22, 11], [21, 10], [20, 9], [24, 13], [25, 13], [26, 13], [27, 13], [0, 13], [3, 13], [1, 12], [3, 10], [8, 8], [9, 8], [10, 8], [11, 8], [12, 8], [13, 8], [14, 8], [15, 8], [16, 8], [17, 8], [18, 8], [19, 8], [23, 12], [22, 11], [21, 10], [20, 9], [24, 13], [25, 13], [26, 13], [27, 13], [0, 13], [3, 13], [1, 12], [3, 10], [8, 8], [9, 8], [10, 8], [11, 8], [12, 8], [13, 8], [14, 8], [15, 8], [16, 8], [17, 8], [18, 8], [19, 8], [23, 12], [22, 11], [21, 10], [20, 9], [24, 13], [25, 13], [26, 13], [27, 13], [0, 13], [3, 13], [1, 12], [3, 10], [8, 8], [9, 8], [10, 8], [11, 8], [12, 8], [13, 8], [14, 8], [15, 8], [16, 8], [17, 8], [18, 8], [19, 8], [23, 12], [22, 11], [21, 10], [20, 9], [24, 13], [25, 13], [26, 13], [27, 13], [0, 13], [3, 13], [1, 12], [3, 10], [8, 8], [9, 8], [10, 8], [11, 8], [12, 8], [13, 8], [14, 8], [15, 8], [16, 8], [17, 8], [18, 8], [19, 8], [23, 12], [22, 11], [21, 10], [20, 9], [24, 13], [25, 13], [26, 13], [27, 13], [0, 13], [3, 13], [1, 12], [3, 10], [8, 8], [9, 8], [10, 8], [11, 8], [12, 8], [13, 8], [14, 8], [15, 8], [16, 8], [17, 8], [18, 8], [19, 8], [23, 12], [22, 11], [21, 10], [20, 9], [24, 13], [25, 13], [26, 13], [27, 13], [22, 12], [0, 13], [3, 13], [1, 12], [3, 10], [8, 8], [9, 8], [10, 8], [11, 8], [12, 8], [13, 8], [14, 8], [15, 8], [16, 8], [17, 8], [18, 8], [19, 8], [23, 12], [22, 11], [24, 13], [27, 13], [24, 10], [26, 12]]
Turn: 10
support: 0
Turn: 11
support: 0
Turn: 12
support: 0
Turn: 13
support: 0
Turn: 15
support: 2
Turn: 16
support: 2
Turn: 17
support: 2
Turn: 18
support: 2
Turn: 19
support: 5
Turn: 20
support: 5
Turn: 22
support: 8
Got EOF, parent game process must have died, exiting for cleanup
